place(355.90005299999996, "Barracks", Vector3.new(-82.97842407226562,10.733122825622559,238.2434844970703), 0, 325)
upgrade(1, 1, 1, 300)
upgrade(1, 2, 1, 125)
upgrade(1, 2, 1, 250)
upgrade(1, 1, 1, 700)
place(410.8819417916667, "Barracks", Vector3.new(-89.26929473876953,10.545783042907715,240.80372619628906), 0, 325)
upgrade(2, 1, 1, 300)
upgrade(2, 2, 1, 125)
upgrade(2, 2, 1, 250)
upgrade(2, 1, 1, 700)
place(438.3139364583334, "Barracks", Vector3.new(-93.74659729003906,10.732869148254395,245.88763427734375), 0, 325)
upgrade(3, 1, 1, 300)
upgrade(3, 1, 1, 700)
upgrade(3, 2, 1, 125)
upgrade(3, 2, 1, 250)
place(458.0466533333333, "Barracks", Vector3.new(-96.89622497558594,10.733072280883789,251.53472900390625), 0, 325)
upgrade(4, 1, 1, 300)
upgrade(4, 2, 1, 125)
upgrade(4, 1, 1, 700)
upgrade(4, 2, 1, 250)
place(477.3121872083333, "Barracks", Vector3.new(-99.4466323852539,10.795071601867676,257.07025146484375), 0, 325)
upgrade(5, 1, 1, 300)
upgrade(5, 2, 1, 125)
upgrade(5, 2, 1, 250)
upgrade(5, 1, 1, 700)
place(492.69572816666664, "Barracks", Vector3.new(-100.52578735351562,10.73374080657959,263.4160461425781), 0, 325)
upgrade(6, 1, 1, 300)
upgrade(6, 2, 1, 125)
upgrade(6, 1, 1, 700)
upgrade(6, 2, 1, 250)
place(508.31520125, "Barracks", Vector3.new(-100.63192749023438,10.734262466430664,269.9566955566406), 0, 325)
upgrade(7, 1, 1, 300)
upgrade(7, 1, 1, 700)
upgrade(7, 2, 1, 125)
upgrade(7, 2, 1, 250)
upgrade(7, 2, 1, 3850)
upgrade(6, 2, 1, 3850)
upgrade(5, 2, 1, 3850)
upgrade(4, 1, 1, 1600)
upgrade(4, 1, 1, 3800)
upgrade(3, 1, 1, 1600)
upgrade(3, 1, 1, 3800)
upgrade(2, 1, 1, 1600)
upgrade(2, 1, 1, 3800)
upgrade(1, 1, 1, 1600)
upgrade(1, 1, 1, 3800)
upgrade(7, 2, 1, 5250)
upgrade(6, 2, 1, 5250)
upgrade(5, 2, 1, 5250)
upgrade(7, 2, 1, 12000)
upgrade(6, 2, 1, 12000)
upgrade(5, 2, 1, 12000)
upgrade(4, 1, 1, 30000)
upgrade(3, 1, 1, 30000)
upgrade(2, 1, 1, 30000)
upgrade(1, 1, 1, 30000)
